0 > 1, 54, 841, 894,
15 > 57, 110, 840, 845, 890, 895,
30 > 113, 166, 844, 849, 886, 891,
1 > 0, 5, 50, 55, 897, 950,
45 > 169, 222, 848, 853, 882, 887,
46 > 168, 173, 218, 223, 904, 909, 938, 943, 
47 > 172, 177, 214, 219, 960, 965, 994, 999, 
2 > 4, 9, 46, 51, 953, 1006,
16 > 56, 61, 106, 111, 896, 901, 946, 951, 
17 > 60, 65, 102, 107, 952, 957, 1002, 1007, 
18 > 64, 69, 98, 103, 1008, 1013, 1058, 1063, 
31 > 112, 117, 162, 167, 900, 905, 942, 947, 
32 > 116, 121, 158, 163, 956, 961, 998, 1003, 
33 > 120, 125, 154, 159, 1012, 1017, 1054, 1059, 
34 > 124, 129, 150, 155, 1068, 1073, 1110, 1115, 
35 > 128, 133, 146, 151, 1124, 1129, 1166, 1171, 
48 > 176, 181, 210, 215, 1016, 1021, 1050, 1055, 
63 > 232, 237, 266, 271, 1020, 1025, 1046, 1051, 
49 > 180, 185, 206, 211, 1072, 1077, 1106, 1111, 
64 > 236, 241, 262, 267, 1076, 1081, 1102, 1107, 
79 > 292, 297, 318, 323, 1080, 1085, 1098, 1103, 
78 > 288, 293, 322, 327, 1024, 1029, 1042, 1047, 
94 > 348, 353, 374, 379, 1084, 1089, 1094, 1099, 
109 > 404, 409, 430, 435, 1088, 1090, 1093, 1095, 
124 > 460, 465, 486, 491, 1086, 1091, 1092, 1097, 
125 > 464, 469, 482, 487, 1142, 1147, 1148, 1153, 
139 > 516, 521, 542, 547, 1082, 1087, 1096, 1101, 
95 > 352, 357, 370, 375, 1140, 1145, 1150, 1155, 
96 > 356, 361, 366, 371, 1196, 1201, 1206, 1211, 
110 > 408, 413, 426, 431, 1144, 1146, 1149, 1151, 
80 > 296, 301, 314, 319, 1136, 1141, 1154, 1159, 
65 > 240, 245, 258, 263, 1132, 1137, 1158, 1163, 
81 > 300, 305, 310, 315, 1192, 1197, 1210, 1215, 
111 > 412, 417, 422, 427, 1200, 1202, 1205, 1207, 
112 > 416, 418, 421, 423, 1256, 1258, 1261, 1263, 
113 > 414, 419, 420, 425, 1312, 1314, 1317, 1319, 
114 > 410, 415, 424, 429, 1368, 1370, 1373, 1375, 
99 > 354, 359, 368, 373, 1364, 1369, 1374, 1379, 
115 > 406, 411, 428, 433, 1424, 1426, 1429, 1431, 
116 > 402, 407, 432, 437, 1480, 1482, 1485, 1487, 
117 > 398, 403, 436, 441, 1536, 1538, 1541, 1543, 
102 > 342, 347, 380, 385, 1532, 1537, 1542, 1547,
132 > 454, 459, 492, 497, 1534, 1539, 1540, 1545,
147 > 510, 515, 548, 553, 1530, 1535, 1544, 1549,
103 > 338, 343, 384, 389, 1588, 1593, 1598, 1603,
88 > 282, 287, 328, 333, 1584, 1589, 1602, 1607,
87 > 286, 291, 324, 329, 1528, 1533, 1546, 1551,
86 > 290, 295, 320, 325, 1472, 1477, 1490, 1495,
71 > 234, 239, 264, 269, 1468, 1473, 1494, 1499,
85 > 294, 299, 316, 321, 1416, 1421, 1434, 1439,
148 > 506, 511, 552, 557, 1586, 1591, 1600, 1605,
149 > 507, 556, 1642, 1647, 1656, 1661,
164 > 563, 612, 1638, 1643, 1660, 1665,
179 > 619, 668, 1634, 1639, 1664, 1669,
194 > 675, 724, 1630, 1635, 1668, 1673,
193 > 674, 679, 720, 725, 1574, 1579, 1612, 1617,
208 > 730, 735, 776, 781, 1570, 1575, 1616, 1621,
223 > 786, 791, 832, 837, 1571, 1620,
178 > 618, 623, 664, 669, 1578, 1583, 1608, 1613,
192 > 678, 683, 716, 721, 1518, 1523, 1556, 1561,
207 > 734, 739, 772, 777, 1514, 1519, 1560, 1565,
224 > 787, 836, 1627, 1676,
177 > 622, 627, 660, 665, 1522, 1527, 1552, 1557,
163 > 562, 567, 608, 613, 1582, 1587, 1604, 1609,
89 > 283, 332, 1640, 1645, 1658, 1663,
104 > 339, 388, 1644, 1649, 1654, 1659,
162 > 566, 571, 604, 609, 1526, 1531, 1548, 1553,
206 > 738, 743, 768, 773, 1458, 1463, 1504, 1509,
205 > 742, 747, 764, 769, 1402, 1407, 1448, 1453, 1680,
190 > 686, 691, 708, 713, 1406, 1411, 1444, 1449,
175 > 630, 635, 652, 657, 1410, 1415, 1440, 1445,
176 > 626, 631, 656, 661, 1466, 1471, 1496, 1501,
100 > 350, 355, 372, 377, 1420, 1425, 1430, 1435,
98 > 358, 363, 364, 369, 1308, 1313, 1318, 1323,
118 > 394, 399, 440, 445, 1592, 1594, 1597, 1599,
119 > 395, 444, 1648, 1650, 1653, 1655,
222 > 790, 795, 828, 833, 1515, 1564,
56 > 178, 183, 208, 213, 1464, 1469, 1498, 1503,
128 > 470, 475, 476, 481, 1310, 1315, 1316, 1321,
143 > 526, 531, 532, 537, 1306, 1311, 1320, 1325,
84 > 298, 303, 312, 317, 1360, 1365, 1378, 1383,
69 > 242, 247, 256, 261, 1356, 1361, 1382, 1387,
126 > 468, 473, 478, 483, 1198, 1203, 1204, 1209,
209 > 731, 780, 1626, 1631, 1672, 1677,
130 > 462, 467, 484, 489, 1422, 1427, 1428, 1433,
131 > 458, 463, 488, 493, 1478, 1483, 1484, 1489,
191 > 682, 687, 712, 717, 1462, 1467, 1500, 1505,
97 > 360, 362, 365, 367, 1252, 1257, 1262, 1267,
146 > 514, 519, 544, 549, 1474, 1479, 1488, 1493,
161 > 570, 575, 600, 605, 1470, 1475, 1492, 1497,
123 > 456, 461, 490, 495, 1030, 1035, 1036, 1041,
134 > 451, 500, 1646, 1651, 1652, 1657,
133 > 450, 455, 496, 501, 1590, 1595, 1596, 1601,
145 > 518, 523, 540, 545, 1418, 1423, 1432, 1437,
70 > 238, 243, 260, 265, 1412, 1417, 1438, 1443,
55 > 182, 187, 204, 209, 1408, 1413, 1442, 1447,
54 > 186, 191, 200, 205, 1352, 1357, 1386, 1391,
53 > 190, 195, 196, 201, 1296, 1301, 1330, 1335,
38 > 134, 139, 140, 145, 1292, 1297, 1334, 1339,
39 > 130, 135, 144, 149, 1348, 1353, 1390, 1395,
37 > 136, 138, 141, 143, 1236, 1241, 1278, 1283,
22 > 80, 82, 85, 87, 1232, 1237, 1282, 1287,
40 > 126, 131, 148, 153, 1404, 1409, 1446, 1451,
41 > 122, 127, 152, 157, 1460, 1465, 1502, 1507,
52 > 192, 194, 197, 199, 1240, 1245, 1274, 1279,
67 > 248, 250, 253, 255, 1244, 1249, 1270, 1275,
82 > 304, 306, 309, 311, 1248, 1253, 1266, 1271,
25 > 70, 75, 92, 97, 1400, 1405, 1450, 1455,
26 > 66, 71, 96, 101, 1456, 1461, 1506, 1511,
11 > 10, 15, 40, 45, 1457, 1510,
68 > 246, 251, 252, 257, 1300, 1305, 1326, 1331,
83 > 302, 307, 308, 313, 1304, 1309, 1322, 1327,
129 > 466, 471, 480, 485, 1366, 1371, 1372, 1377,
144 > 522, 527, 536, 541, 1362, 1367, 1376, 1381,
159 > 578, 583, 592, 597, 1358, 1363, 1380, 1385,
160 > 574, 579, 596, 601, 1414, 1419, 1436, 1441,
158 > 582, 587, 588, 593, 1302, 1307, 1324, 1329,
157 > 584, 586, 589, 591, 1246, 1251, 1268, 1273,
173 > 638, 643, 644, 649, 1298, 1303, 1328, 1333,
188 > 694, 699, 700, 705, 1294, 1299, 1332, 1337,
203 > 750, 755, 756, 761, 1290, 1295, 1336, 1341,
204 > 746, 751, 760, 765, 1346, 1351, 1392, 1397,
187 > 696, 698, 701, 703, 1238, 1243, 1276, 1281,
186 > 692, 697, 702, 707, 1182, 1187, 1220, 1225,
189 > 690, 695, 704, 709, 1350, 1355, 1388, 1393,
174 > 634, 639, 648, 653, 1354, 1359, 1384, 1389,
172 > 640, 642, 645, 647, 1242, 1247, 1272, 1277,
101 > 346, 351, 376, 381, 1476, 1481, 1486, 1491,
27 > 62, 67, 100, 105, 1512, 1517, 1562, 1567,
28 > 58, 63, 104, 109, 1568, 1573, 1618, 1623,
42 > 118, 123, 156, 161, 1516, 1521, 1558, 1563,
57 > 174, 179, 212, 217, 1520, 1525, 1554, 1559,
43 > 114, 119, 160, 165, 1572, 1577, 1614, 1619,
44 > 115, 164, 1628, 1633, 1670, 1675,
58 > 170, 175, 216, 221, 1576, 1581, 1610, 1615,
59 > 171, 220, 1632, 1637, 1666, 1671,
29 > 59, 108, 1624, 1629, 1674, 1679,
10 > 14, 19, 36, 41, 1401, 1454,
9 > 18, 23, 32, 37, 1345, 1398,
24 > 74, 79, 88, 93, 1344, 1349, 1394, 1399,
8 > 22, 27, 28, 33, 1289, 1342,
23 > 78, 83, 84, 89, 1288, 1293, 1338, 1343,
7 > 24, 26, 29, 31, 1233, 1286,
218 > 806, 811, 812, 817, 1291, 1340,
217 > 808, 810, 813, 815, 1235, 1284,
216 > 804, 809, 814, 819, 1179, 1228,
201 > 748, 753, 758, 763, 1178, 1183, 1224, 1229,
200 > 744, 749, 762, 767, 1122, 1127, 1168, 1173,
185 > 688, 693, 706, 711, 1126, 1131, 1164, 1169,
199 > 740, 745, 766, 771, 1066, 1071, 1112, 1117,
214 > 796, 801, 822, 827, 1067, 1116,
215 > 800, 805, 818, 823, 1123, 1172,
74 > 227, 276, 1636, 1641, 1662, 1667,
36 > 132, 137, 142, 147, 1180, 1185, 1222, 1227,
51 > 188, 193, 198, 203, 1184, 1189, 1218, 1223,
50 > 184, 189, 202, 207, 1128, 1133, 1162, 1167,
66 > 244, 249, 254, 259, 1188, 1193, 1214, 1219,
156 > 580, 585, 590, 595, 1190, 1195, 1212, 1217,
141 > 524, 529, 534, 539, 1194, 1199, 1208, 1213,
142 > 528, 530, 533, 535, 1250, 1255, 1264, 1269,
61 > 224, 229, 274, 279, 908, 913, 934, 939,
62 > 228, 233, 270, 275, 964, 969, 990, 995,
77 > 284, 289, 326, 331, 968, 973, 986, 991,
60 > 225, 278, 852, 857, 878, 883,
75 > 281, 334, 856, 861, 874, 879,
90 > 337, 390, 860, 865, 870, 875,
91 > 336, 341, 386, 391, 916, 921, 926, 931,
92 > 340, 345, 382, 387, 972, 977, 982, 987,
107 > 396, 401, 438, 443, 976, 978, 981, 983,
106 > 392, 397, 442, 447, 920, 922, 925, 927,
121 > 448, 453, 498, 503, 918, 923, 924, 929,
136 > 504, 509, 554, 559, 914, 919, 928, 933,
151 > 560, 565, 610, 615, 910, 915, 932, 937,
152 > 564, 569, 606, 611, 966, 971, 988, 993,
166 > 616, 621, 666, 671, 906, 911, 936, 941,
167 > 620, 625, 662, 667, 962, 967, 992, 997,
168 > 624, 629, 658, 663, 1018, 1023, 1048, 1053,
181 > 672, 677, 722, 727, 902, 907, 940, 945,
135 > 505, 558, 858, 863, 872, 877,
120 > 449, 502, 862, 867, 868, 873,
105 > 393, 446, 864, 866, 869, 871,
150 > 561, 614, 854, 859, 876, 881,
165 > 617, 670, 850, 855, 880, 885,
180 > 673, 726, 846, 851, 884, 889,
153 > 568, 573, 602, 607, 1022, 1027, 1044, 1049,
154 > 572, 577, 598, 603, 1078, 1083, 1100, 1105,
155 > 576, 581, 594, 599, 1134, 1139, 1156, 1161,
93 > 344, 349, 378, 383, 1028, 1033, 1038, 1043,
108 > 400, 405, 434, 439, 1032, 1034, 1037, 1039,
138 > 512, 517, 546, 551, 1026, 1031, 1040, 1045,
137 > 508, 513, 550, 555, 970, 975, 984, 989,
182 > 676, 681, 718, 723, 958, 963, 996, 1001,
76 > 280, 285, 330, 335, 912, 917, 930, 935,
169 > 628, 633, 654, 659, 1074, 1079, 1104, 1109,
170 > 632, 637, 650, 655, 1130, 1135, 1160, 1165,
171 > 636, 641, 646, 651, 1186, 1191, 1216, 1221,
184 > 684, 689, 710, 715, 1070, 1075, 1108, 1113,
183 > 680, 685, 714, 719, 1014, 1019, 1052, 1057,
198 > 736, 741, 770, 775, 1010, 1015, 1056, 1061,
213 > 792, 797, 826, 831, 1011, 1060,
197 > 732, 737, 774, 779, 954, 959, 1000, 1005,
196 > 728, 733, 778, 783, 898, 903, 944, 949,
195 > 729, 782, 842, 847, 888, 893,
210 > 785, 838, 843, 892,
212 > 788, 793, 830, 835, 955, 1004,
211 > 784, 789, 834, 839, 899, 948,
21 > 76, 81, 86, 91, 1176, 1181, 1226, 1231,
20 > 72, 77, 90, 95, 1120, 1125, 1170, 1175,
5 > 16, 21, 34, 39, 1121, 1174,
4 > 12, 17, 38, 43, 1065, 1118,
19 > 68, 73, 94, 99, 1064, 1069, 1114, 1119,
14 > 3, 52, 1625, 1678,
221 > 794, 799, 824, 829, 1459, 1508,
220 > 798, 803, 820, 825, 1403, 1452,
219 > 802, 807, 816, 821, 1347, 1396,
122 > 452, 457, 494, 499, 974, 979, 980, 985, 
140 > 520, 525, 538, 543, 1138, 1143, 1152, 1157,
127 > 472, 474, 477, 479, 1254, 1259, 1260, 1265,
13 > 2, 7, 48, 53, 1569, 1622,
6 > 20, 25, 30, 35, 1177, 1230,
72 > 230, 235, 268, 273, 1524, 1529, 1550, 1555,
73 > 226, 231, 272, 277, 1580, 1585, 1606, 1611,
202 > 752, 754, 757, 759, 1234, 1239, 1280, 1285,
12 > 6, 11, 44, 49, 1513, 1566,
3 > 8, 13, 42, 47, 1009, 1062