0 > 1, 34, 361, 394,
1 > 0, 5, 30, 35, 397, 430,
11 > 36, 41, 66, 71, 396, 401, 426, 431, 
21 > 72, 77, 102, 107, 400, 405, 422, 427, 
31 > 108, 113, 138, 143, 404, 409, 418, 423, 
32 > 112, 117, 134, 139, 440, 445, 454, 459, 
41 > 144, 149, 174, 179, 408, 413, 414, 419, 
42 > 148, 153, 170, 175, 444, 449, 450, 455, 
3 > 152, 157, 166, 171, 480, 485, 486, 491, 
33 > 116, 121, 130, 135, 476, 481, 490, 495, 
40 > 145, 178, 372, 377, 378, 383,
52 > 184, 189, 206, 211, 446, 448, 451, 453, 
51 > 180, 185, 210, 215, 410, 412, 415, 417, 
50 > 181, 214, 374, 376, 379, 381,
30 > 109, 142, 368, 373, 382, 387,
20 > 73, 106, 364, 369, 386, 391,
44 > 156, 161, 162, 167, 516, 521, 522, 527, 
45 > 158, 160, 163, 165, 552, 557, 558, 563, 
61 > 216, 221, 246, 251, 406, 411, 416, 421, 
62 > 220, 225, 242, 247, 442, 447, 452, 457, 
63 > 224, 229, 238, 243, 478, 483, 488, 493, 
73 > 260, 265, 274, 279, 474, 479, 492, 497, 
34 > 120, 125, 126, 131, 512, 517, 526, 531, 
10 > 37, 70, 360, 365, 390, 395,
72 > 256, 261, 278, 283, 438, 443, 456, 461, 
71 > 252, 257, 282, 287, 402, 407, 420, 425, 
81 > 288, 293, 318, 323, 398, 403, 424, 429, 
70 > 253, 286, 366, 371, 384, 389,
60 > 217, 250, 370, 375, 380, 385,
80 > 289, 322, 362, 367, 388, 393,
90 > 325, 358, 363, 392,
91 > 324, 329, 354, 359, 399, 428,
82 > 292, 297, 314, 319, 434, 439, 460, 465,
92 > 328, 333, 350, 355, 435, 464,
23 > 80, 85, 94, 99, 472, 477, 494, 499,
13 > 44, 49, 58, 63, 468, 473, 498, 503,
12 > 40, 45, 62, 67, 432, 437, 462, 467,
2 > 4, 9, 26, 31, 433, 466,
24 > 84, 89, 90, 95, 508, 513, 530, 535,
25 > 86, 88, 91, 93, 544, 549, 566, 571,
35 > 122, 124, 127, 129, 548, 553, 562, 567,
26 > 82, 87, 92, 97, 580, 585, 602, 607,
27 > 78, 83, 96, 101, 616, 621, 638, 643,
17 > 42, 47, 60, 65, 612, 617, 642, 647,
7 > 6, 11, 24, 29, 613, 646,
6 > 10, 15, 20, 25, 577, 610, 720,
14 > 48, 53, 54, 59, 504, 509, 534, 539,
15 > 50, 52, 55, 57, 540, 545, 570, 575,
4 > 12, 17, 18, 23, 505, 538,
3 > 8, 13, 22, 27, 469, 502,
5 > 14, 16, 19, 21, 541, 574,
18 > 38, 43, 64, 69, 648, 653, 678, 683,
19 > 39, 68, 684, 689, 714, 719,
28 > 74, 79, 100, 105, 652, 657, 674, 679,
29 > 75, 104, 688, 693, 710, 715,
9 > 3, 32, 685, 718,
8 > 2, 7, 28, 33, 649, 682,
39 > 111, 140, 692, 697, 706, 711,
16 > 46, 51, 56, 61, 576, 581, 606, 611,
36 > 118, 123, 128, 133, 584, 589, 598, 603,
46 > 154, 159, 164, 169, 588, 593, 594, 599,
37 > 114, 119, 132, 137, 620, 625, 634, 639,
47 > 150, 155, 168, 173, 624, 629, 630, 635,
57 > 186, 191, 204, 209, 626, 628, 631, 633,
67 > 222, 227, 240, 245, 622, 627, 632, 637,
77 > 258, 263, 276, 281, 618, 623, 636, 641,
87 > 294, 299, 312, 317, 614, 619, 640, 645,
76 > 262, 267, 272, 277, 582, 587, 600, 605,
75 > 266, 268, 271, 273, 546, 551, 564, 569,
68 > 218, 223, 244, 249, 658, 663, 668, 673,
66 > 226, 231, 236, 241, 586, 591, 596, 601,
56 > 190, 195, 200, 205, 590, 592, 595, 597,
86 > 298, 303, 308, 313, 578, 583, 604, 609,
96 > 334, 339, 344, 349, 579, 608,
65 > 230, 232, 235, 237, 550, 555, 560, 565,
55 > 194, 196, 199, 201, 554, 556, 559, 561,
54 > 192, 197, 198, 203, 518, 520, 523, 525,
58 > 182, 187, 208, 213, 662, 664, 667, 669,
59 > 183, 212, 698, 700, 703, 705,
49 > 147, 176, 696, 701, 702, 707,
69 > 219, 248, 694, 699, 704, 709,
48 > 146, 151, 172, 177, 660, 665, 666, 671,
38 > 110, 115, 136, 141, 656, 661, 670, 675,
64 > 228, 233, 234, 239, 514, 519, 524, 529,
74 > 264, 269, 270, 275, 510, 515, 528, 533,
84 > 300, 305, 306, 311, 506, 511, 532, 537,
85 > 302, 304, 307, 309, 542, 547, 568, 573,
83 > 296, 301, 310, 315, 470, 475, 496, 501,
94 > 336, 341, 342, 347, 507, 536,
95 > 338, 340, 343, 345, 543, 572,
93 > 332, 337, 346, 351, 471, 500,
97 > 330, 335, 348, 353, 615, 644,
98 > 326, 331, 352, 357, 651, 680,
53 > 188, 193, 202, 207, 482, 484, 487, 489,
78 > 254, 259, 280, 285, 654, 659, 672, 677,
79 > 255, 284, 690, 695, 708, 713,
89 > 291, 320, 686, 691, 712, 717,
99 > 327, 356, 687, 716,
88 > 290, 295, 316, 321, 650, 655, 676, 681,
 22 > 76, 81, 98, 103, 436, 441, 458, 463,