0 > 1, 22, 169, 190,
1 > 0, 5, 18, 23, 193, 214,
2 > 4, 9, 14, 19, 217, 238,
3 > 8, 10, 13, 15, 241, 262,
4 > 6, 11, 12, 17, 265, 286,
5 > 2, 7, 16, 21, 289, 310,
8 > 24, 29, 42, 47, 192, 197, 210, 215, 
15 > 48, 53, 66, 71, 196, 201, 206, 211, 
22 > 72, 77, 90, 95, 200, 202, 205, 207, 
16 > 52, 57, 62, 67, 220, 225, 230, 235, 
23 > 76, 81, 86, 91, 224, 226, 229, 231, 
9 > 28, 33, 38, 43, 216, 221, 234, 239, 
17 > 56, 58, 61, 63, 244, 249, 254, 259, 
29 > 96, 101, 114, 119, 198, 203, 204, 209, 
28 > 97, 118, 174, 179, 180, 185,
35 > 121, 142, 170, 175, 184, 189,
42 > 145, 166, 171, 188,
43 > 144, 149, 162, 167, 195, 212,
21 > 73, 94, 176, 178, 181, 183,
36 > 120, 125, 138, 143, 194, 199, 208, 213, 
37 > 124, 129, 134, 139, 218, 223, 232, 237, 
38 > 128, 130, 133, 135, 242, 247, 256, 261, 
10 > 32, 34, 37, 39, 240, 245, 258, 263, 
11 > 30, 35, 36, 41, 264, 269, 282, 287, 
12 > 26, 31, 40, 45, 288, 293, 306, 311, 
19 > 50, 55, 64, 69, 292, 297, 302, 307, 
18 > 54, 59, 60, 65, 268, 273, 278, 283, 
13 > 27, 44, 312, 317, 330, 335, 336, 
7 > 25, 46, 168, 173, 186, 191,
14 > 49, 70, 172, 177, 182, 187,
26 > 74, 79, 88, 93, 296, 298, 301, 303, 
33 > 98, 103, 112, 117, 294, 299, 300, 305, 
34 > 99, 116, 318, 323, 324, 329,
27 > 75, 92, 320, 322, 325, 327,
44 > 148, 153, 158, 163, 219, 236,
25 > 78, 83, 84, 89, 272, 274, 277, 279, 
32 > 102, 107, 108, 113, 270, 275, 276, 281, 
24 > 80, 82, 85, 87, 248, 250, 253, 255, 
20 > 51, 68, 316, 321, 326, 331,
45 > 152, 154, 157, 159, 243, 260,
46 > 150, 155, 156, 161, 267, 284,
39 > 126, 131, 132, 137, 266, 271, 280, 285,
40 > 122, 127, 136, 141, 290, 295, 304, 309,
41 > 123, 140, 314, 319, 328, 333,
48 > 147, 164, 315, 332,
47 > 146, 151, 160, 165, 291, 308,
31 > 104, 106, 109, 111, 246, 251, 252, 257,
6 > 3, 20, 313, 334,
30 > 100, 105, 110, 115, 222, 227, 228, 233,